0.004966684198234083
0.019369640023192962
-0.0065838078623281825
0.05689551433544143
0.028838589336039788
-0.005285722117926759
-0.0388408421089323
0.017131159270720703
-0.022369003642576137
-0.0170874276064438
-0.026340725184783496
-0.006192644621167679
-0.003946510275673213
0.02795497753401489
-0.04665087557202921
-0.05556167121639193
-0.015533648791396565
0.03210431953785372
-0.0026114765549834365
0.03375784167291449
0.01451241020483464
-0.0238131922368982
0.00785438176753175
0.02772580208963665
-0.020506689634017083
-0.05705708652598548
0.035188100908727066
-0.030950587725008562
-0.017260246657109967
0.005168382817345977
