-0.008761327901051219
-0.02133174612227382
0.01464764395270311
0.02219997785235251
-0.00935485882006891
-0.02308894160105413
-0.0015978647421528171
0.023021824177113483
-0.02600627234972393
0.012678519402039866
0.0011771152550502661
-0.004574099420992431
0.007987284690007878
0.015817861102928155
-0.006093444226015027
0.018837128472999762
-0.012888159810110315
-0.018639217250124747
-0.016033563783312256
0.026676191788304594
-0.024079450712922425
-0.013689279286040528
-0.007610683399002079
0.002213290857259037
-0.006274411715252279
-0.02834950057166287
-0.007151390500527825
-0.007621443818030134
-0.006389480899947318
-0.003533579535391764
