-0.1549924177696801	0.4082268641835799	-0.02455478907327305	-0.8315323444525453	0.10070942388729748	-0.08905766216092494	0.06474875900218484	-0.1499327602391717	0.05554669236781048	0.04843523094547902	0.05477082484366127	0.19751381745069524	-0.06702180582866864	0.027456108388520205	-0.007772044728307897	0.13595525431884986
0.25058045821328945	0.23082300375396053	0.272259202077203	-0.6236755104431163	-0.02543194088473606	0.11121284379122996	-0.22838703781778438	-0.17885439865532904	-0.017719966688613635	-0.015178799931692485	-0.018980855788430465	-0.039599326363075366	0.0306188482139038	-0.014740288296873625	-0.04658562869827739	-0.0760830415042021
0.07113570232364506	0.24378640863307166	0.02867292644236249	-0.3390942887078538	-0.07558904120820686	-0.06962274755313357	-0.016005550879662277	-0.22493094598520885	-0.047349552164388894	-0.09946169400428745	0.04772853601607836	-0.11231533398757786	0.026781933759072646	-0.06146453400513096	0.028036925917778444	-0.027227821899895158
-0.41514472860725277	-0.26915971736926825	0.27803506674986184	-0.8828043018593462	-0.017335763455679384	0.000893595402615407	-0.14201292613464714	0.04246252481803328	-0.10601950117398948	-0.09471730314156318	0.015470873352829206	0.09224256195386034	0.024185376206114828	0.056499288525323405	-0.0036022878584298624	0.044593106681530416
0.3207736558572506	-0.1972268805727526	0.37159458037969173	0.4086036245668283	-0.13928287080811436	-0.07176398300194038	-0.03079259911305746	-0.1042950182998717	-0.016382119226964566	-0.020196614852937885	-0.26512724767141543	-0.12426531465599792	-0.09175949610953134	-0.005480997260030881	-0.15358059150940465	0.036772312250272145
0.15992771136352738	0.14534359946922026	0.3215589968101395	-0.10682759325687825	-0.08883851453019012	-0.06454979652289017	0.2847709496829816	0.1257717659455146	0.053761313302659916	0.04763299030477358	0.09687809203033534	0.22995065715716487	-0.042242598113189936	-0.02643352179051193	0.044427590573742175	0.10751626696704629
0.06734010179203508	0.1097448262166781	0.009813563763972709	-0.4704490083169033	0.02239196761128912	-0.07743702274043618	0.03507577413271556	0.002235286021670389	0.051757229412652324	-0.012508153632946505	0.03464534049049373	0.14372644696544815	-0.062450151216238	-0.0342400022528842	-0.016377796105207478	0.055967113353033414
-0.691127512163851	-0.14309390985880727	0.1224695128656593	-0.10048475782823925	0.06508058700724798	-0.046569086085970296	-0.16092314756774187	0.16244470531947688	0.021593141108943028	-0.007886166103448042	-0.15668214252713855	0.30045740992235315	0.0943191997757666	0.025451902724519356	-0.09580760523579628	-0.010209142298456798
-0.3904516079203348	0.1400893192735462	0.4861101511730435	-0.14514416210447753	-0.020617445355924056	0.01837114847134335	0.26546628695480873	-0.10557653849368807	0.07810818730901431	0.04737032683631837	0.0697768767455845	-0.0861131554902624	-0.025173725545158877	-0.05441239609873776	0.07106859646926027	-0.017498668889773732
0.06964148041402958	0.07446836190473884	-0.23079446299655498	0.532039767598151	-0.023633032739416082	0.033147502700773906	0.02534554103907934	-0.23605600279053657	0.024931810457829624	0.008148074878203354	0.42142105082094383	-0.28357731985961177	-0.009868606569359034	-0.015709304054984472	0.1965627848253488	0.1027480518481122
0.003985653262661458	-0.37530079482165213	0.3706808954033572	0.41064214757876183	0.11243386687448685	-0.13258249736165192	0.13170089895217335	0.1742090760086304	0.08569133165704411	-2.113189955488314e-5	0.0021870232226071248	-0.03084341023562224	-0.0509573679123787	-0.03359854832049192	-0.10996133983584962	-0.07304475990225047
-0.00999977137906607	3.267072117129639e-5	-0.19166916603897755	-0.31429281889284716	0.0023666912547553446	-0.004783167597238885	0.4065434123761772	0.2802633797000328	-0.0005826888206967734	-0.012025607271630968	-0.11674714784440221	0.19728323835396405	0.0045072551195592956	-0.003111932246739763	-0.253986703432289	-0.05035965578727371
0.08592520244414815	0.0898220216417806	0.5657013849073461	-0.11449022104473558	-0.024480637253913317	0.007277741516746398	-0.14815058391463	0.09617298102277017	-0.029442946919947588	-0.0057911576692086806	-0.3295479178380522	0.17587653791979843	-0.006807246318363039	0.006002319046278027	-0.18075058964021287	0.049454859786498766
-0.06359760114058777	0.12005875597791506	-0.2813919886999257	0.436365075600569	-0.11303942840838552	-0.0470514945317581	-0.24804318379566712	0.06408519220665107	-0.0009487050972793969	3.4990715509014026e-5	-0.01673644400266835	-0.03324031197431102	0.0511854620908549	0.007098914269882434	-0.01951779578761532	-0.03272155045629179
-0.16528849489279007	0.039198270560179445	0.040957148269294905	-0.530181056060678	0.040095852429022145	-0.027482846723435775	-0.12339777215518868	-0.011655345978498254	0.08817070072348127	0.07671428413512807	-0.03443757804902723	0.1009818859267458	0.0037444212757890556	-0.04243546571622102	-0.0880452950342641	0.004220837047000475
-0.23227924192316407	-0.02834879064175995	0.18530715833237266	-0.026775604547533034	-0.04690113664764088	-0.07437202229267807	0.059204599475497555	-0.04564365834410347	0.03838297694893276	0.00631829054568463	0.009882431342785065	-0.13197008775161936	0.03069106084654052	0.06573368633433692	0.028910442961984934	0.0015158464424720557
0.182786184436391	-0.24026296495774982	-0.702565908215696	-0.5577842047768071	0.02243766283395522	-0.08743449240068177	0.2859341789422671	-0.2963871298635411	-0.0698089591331692	0.09020155743763812	-0.07568359767878217	-0.06407636684739583	-0.035159511586199496	0.061412297836122606	0.014099922127978858	-0.11817056226232392
0.0111284070492036	0.021977175397616074	-0.5244399995338865	0.4755027746697817	-0.020843019607561162	0.004283511734812834	0.06271495010009663	-0.1536432444372811	-0.00896311026820893	0.0009921824210002556	-0.15751669018310768	-0.19479123684121802	0.010098580497343357	0.007941506782535487	-0.25776870011426634	0.08116320411369708
-0.017594958590766326	0.10105530794265613	-0.17413562148455378	0.22154120065692776	0.015095653770854629	0.019001283214162456	0.351717903477467	-0.4242140433522208	0.029559020875484177	0.006118317254979537	-0.4802105873284437	-0.12106755115973801	0.0044246343162950225	0.009728471271995791	-0.010914467427680518	0.03757164238587947
0.45688721557895867	0.258385274168785	0.48752472509674916	0.1592909134948844	0.0736563985099107	-0.12052920168986894	0.312972973455005	-0.09301362587172936	0.04975271396703591	0.09224865054112413	-0.12456145685639773	-0.0822931575285799	0.03633290675187795	0.02953446236630256	-0.10937540770535685	0.0296538430326094
0.16005321904451023	-0.08022326872360408	-0.026247758821756565	-0.056862986348713056	-0.020861530950703165	-0.041370679392764564	0.010340517117230523	-0.09757125744684973	-0.016720837654070658	-0.03185203132602541	0.059251427442139716	-0.05177504909714241	-0.022447578700463874	-0.02657699791433462	0.04524174070637321	-0.019592594333579395
0.027938443520492864	0.024012231390248443	-0.8043135939113191	-0.09551251068743896	-0.00966373305762628	0.004289850105892416	-0.087488730499621	-0.005563963282269554	0.0035799567984980333	0.006157119436686739	0.05789113739148139	-0.01582193051896946	-0.004280001290151332	0.0015902408363528337	0.08855967738932183	-0.16367179873127258
-0.040904014229054375	-0.013335508825238707	0.0820031379166457	0.08704706680150937	-0.010154367081770284	-0.016086997906975847	-0.15284225817729535	-0.2444045759712679	-0.0281459782401969	-0.0007939903491964368	0.16794095603649647	0.22093870897505116	0.01490431374354313	0.017736411004207548	0.2818820378381433	0.5599967546338446
0.12579103679254183	-0.17976617532374697	0.3023186874188501	-0.4413033276377333	0.00972933939276268	-0.08611439378242351	0.1480061846393702	-0.16623644457311082	0.060236291670325876	-0.001963207675641923	0.0811898496174433	-0.031830559550850845	-0.018361127691777345	-0.034530145635378776	0.026031522442117833	0.004934803040530981
0.24202722420656045	-0.16792822386676715	0.009770980049205003	-0.05523736092091942	0.0653589816111088	0.04935542351771088	0.15742222266755423	-0.1450244926770532	0.0018149653251035805	-0.06085387254668772	0.0306899922550666	-0.12691226080052084	-0.029932381381863795	-0.038311587753957974	0.12918754134885188	-0.00043686875393561975
0.06671843998443906	-0.12772873626288597	-0.3107593561380932	-0.7120393904168882	-0.06830081485421559	0.15292883342748553	-0.16996601053576574	-0.08745422230153363	0.01725278669768335	-0.013120236579262309	0.07541269539552975	0.08836577753687064	0.00611434020372525	-0.007554551552197929	0.1009481041954163	0.0813105067144808
-0.09069115179855468	-0.009250825309379167	0.04570313408906307	0.030584215561781973	0.0066358215685603196	-0.006217113728930038	0.09052714944324264	0.07843645676958648	0.015798028744361817	-0.033040241340159794	0.06228509013930986	0.0412917634227882	0.005143159494232897	-0.03042791068780636	-0.03996892095213754	0.04654395659954681
-0.4457336502376323	-0.11517544233637216	-0.09526244785150792	0.5455898312554486	0.03273461513266142	0.08854465720166257	-0.1409559384655203	0.10031057260743037	-0.031783881777871836	-0.04858315525338285	-0.05422916715033712	-0.05041075595887242	-0.023490565626550882	-0.0447745565262528	0.007987527689289129	-0.0063872897828690075
0.7147100296526484	0.2601378432832062	0.3510496962395033	0.3491520230272183	-0.052253950143594415	0.17782301215603377	-0.3269589294620612	-0.1010831469144472	-0.019303815129867022	0.03631761147761738	-0.05252496163908569	-0.3319793031176647	-0.07546653902881142	0.03679109435358131	0.034212154543729514	-0.06517172819292119
0.09343176075189315	-0.26862053439072603	0.01384458971276811	0.4819600142202919	0.14811295616071543	0.01098992776566973	0.12182578655651344	0.063017720868354	0.013918223166185859	-0.07822687076104336	0.04545685914743602	-0.12329833405756131	0.010916399941967117	-0.012165279761278767	0.1265363982635866	-0.006609777347471735
-0.49523789569829657	0.03675412140460199	0.18954688765139013	-0.25058039995330345	-0.007289859896504085	0.11115411317562311	0.0655433614156424	0.18240956270749234	0.11780315975301071	-0.005448161180104118	0.054061994265322336	0.23897723105819008	-0.01675072205215414	0.029529865966564095	0.01577236046109529	0.03789139303801916
0.4758969780829091	0.4128085926281671	0.46127922958878115	0.41969663321711786	-0.05813616152178226	-0.08216911943837693	0.07781773140764438	0.1510121937493914	-0.07774094546022334	0.08140260214476888	0.04192368247952141	0.10207220765141164	0.009427141306569515	-0.013385698640113259	-0.06686067063824026	-0.004968873530618364
