0.0025926506938750422
-0.003176453993682733
-0.014647702220687925
-0.014491151956269405
0.009510590699810903
-0.012227720953585949
-0.001934696082571764
-0.012569617265785425
-0.008523228249739199
0.008050271948436175
-0.016319062139512435
0.008406565816489405
0.00035693294055428465
-0.0050628713736550705
0.019057107989817548
-0.003381852193396804
-0.005843287642644625
-0.0188274819653365
-0.0034208309418966277
0.021180513574110396
0.012407555447221767
-0.000460918907177963
-0.004231142139346885
-0.022794365447385348
-0.0019343832184759676
-0.006427047197483763
-0.009562460006255071
-0.000264303310348891
0.0009740440615173656
0.004902050555352975
0.008266572953972623
0.013069491235962126
