-0.012605614549626592
0.01931622171843591
0.0057380654819640066
-0.011879290654839614
-0.02516634194500353
0.011691908133113759
0.01135046673214081
0.002034334970797414
-0.0001582032059675175
0.025156871371129742
-0.029270321596475114
0.007267926796463497
-0.0025416258830996434
-0.001863461638418709
0.04317224631458297
0.039131240671263376
0.022596968858541493
-0.010357891615564774
-0.06523079493802762
-0.02479624410172892
-0.032432845575492926
0.0017512715430529665
-0.03501952636605522
0.015514843568035574
0.008175386742349484
-0.029564309252401992
0.05402128362808297
0.02174945152459844
0.05434419192455878
0.05390692723433249
