0.015453915775372468
-0.038973328825005996
-0.09783012831234779
0.020168635582129817
0.06321697308931144
0.002073058586268028
0.011491577547976048
-0.008996281977438238
-0.025465373921594786
0.027075059984400164
-0.01754667786857935
-3.468242277125938e-5
-0.012091113122779893
0.020297848050249562
0.024903967653922717
-0.021088929721247283
0.11325141605239496
-0.01170047981203045
0.004483354193332212
0.018814589278186227
0.005752758993756719
0.03164228337250902
-0.0029314578025713034
-0.004699692842725172
0.028744197331715685
-0.02188363402482413
-0.02462493481219546
0.005562683121470753
0.002259668465345764
-0.004003366205019835
