-0.023935438851386735
0.0036982366941409293
-0.004432667576756805
0.0002847581970796322
0.00789246074250233
0.011494656119395406
0.007114419027174881
0.0034670527997148377
0.0007198178319268657
-0.01411804965786097
0.0037209781014061506
-0.00635864092529666
-0.013090299916037896
0.009849536280231138
-0.006393593032813085
-0.00593206292257327
0.007795598501808148
-0.0014002940599022549
-0.007916808343594534
-0.004942432199738686
0.008789395707241614
-0.00653870915071469
-0.007420886711236271
-0.0008759282361775866
-0.00465286617202845
-0.01220036809258556
0.0015849262905059454
0.006552676125931799
-0.007699957300194193
-0.00045423607341348737
0.03363500157410201
-0.0005193738022832137
