0.03132880574256677
-0.04579896607130431
-0.019008751210044826
0.02498716908967484
0.00025569880604457294
-0.00556987929128292
0.009753421768193063
-0.021533591898923395
0.02630975264308508
-0.0325753564726167
-0.011278733131596124
0.015312444672339718
-0.019944926246937947
0.044725199512858776
0.05725721203194529
-0.005056296016416049
0.02795872156524341
-0.013430764967935976
-0.020497295627562737
0.003978579249517102
0.020358833796075924
-0.015031494957149217
-0.0005200774104373454
-0.024582752180917836
-0.03275039519236165
-0.022034284019136038
-0.027017480839632155
0.01467715426387484
-0.03263346230480583
-0.028007764628560142
