-0.6122262	-0.27515087	0.15728737	0.13526231	-0.2670672	0.089732036	-0.032433964	0.007180431	-0.08007906	0.071265385	-0.0034618108	-0.0025711681	-0.059947453	0.09469986	0.0058848495	0.032788966
-0.60890776	-0.46987	-0.91151637	-1.0464776	-0.11526005	-0.13055633	-0.08781907	-0.26066914	0.04323997	-0.11129515	-0.06986523	-0.009963769	0.011061311	0.011786829	0.046753995	-0.026668197
0.37786663	0.6590481	1.1715637	0.015197694	0.07533143	0.20943446	0.11583312	0.0040154224	0.0028052765	0.18798687	-0.040584143	-0.114274606	-0.0049944026	0.07290355	-0.025478736	-0.030261049
0.8916652	0.29321775	0.37657836	-0.5585721	0.1095593	0.23321939	0.20296656	-0.26012835	-0.13048606	0.22620447	-0.045132767	-0.07558453	0.0012191843	0.089568704	-0.0005399893	-0.021763438
-0.27225623	0.44244966	-0.35826293	0.06138712	0.05360043	0.21197772	-0.034281842	-0.018674318	-0.0059415684	0.06896206	-0.06075612	-0.01945282	0.022808863	-0.01670442	-0.035676364	0.049038466
-0.92411715	0.1401981	-0.7793669	-0.3601812	0.031557035	-0.058110565	-0.25373247	-0.20669107	-0.18368022	-0.037161462	-0.11096702	-0.122993484	-0.07066118	0.029002024	-0.08642024	-0.051160928
0.6019901	0.7825763	0.58949584	0.25317988	-0.12986808	0.15058105	-0.16477244	0.3143402	-0.14007923	0.04537384	-0.033788804	0.21224011	-0.09805731	-0.0535184	-0.065121025	-0.005190409
-0.613043	-0.7679354	1.1235335	-0.5445439	-0.15388773	-0.31195202	0.09839036	0.0029959313	-0.09922747	-0.14294623	0.048521426	0.10017798	-0.03090022	-0.064800024	0.044675924	0.016709277
0.13175996	-0.05085613	-0.17168258	0.15156506	0.003739817	0.010695586	-0.017672483	-0.010752226	0.037221473	0.0075937514	0.021964913	-0.010215105	0.041406456	0.015327129	0.003173053	0.05351665
0.019991351	0.052463636	-0.13642225	-0.058773383	0.114555	0.12193417	-0.05040116	0.02927052	0.0436995	0.00036244717	0.0044629453	0.031017672	0.013554615	-0.031509135	-0.013343513	0.0026074531
0.18869749	-1.3373467	0.5708331	-1.4545631	0.06289813	-0.24957658	0.13327615	-0.033727307	0.011763331	-0.0733996	-0.07816532	0.038379185	-0.07877661	0.064896144	-0.081712194	0.014049739
0.1829828	0.046641234	-0.10831502	-0.04190654	0.038227502	0.035891667	-0.046230536	-0.070835724	0.038442392	0.0009979873	0.08631498	0.043369934	0.027535688	0.05639523	0.06841884	-0.046221368
0.739558	-0.4922067	0.8912059	-0.25500995	0.055335227	-0.34526804	0.2106941	-0.10535015	0.0065762955	-0.15112618	0.04368273	0.023755217	-0.0037119722	-0.03355362	0.02304001	-0.027992548
-0.24543263	1.069622	-0.14436038	1.7001934	-0.18524764	-0.25529554	-0.29914537	0.34470394	-0.048238475	-0.035402976	-0.2787718	0.11028975	-0.024391865	0.025601443	-0.05208367	-0.13768896
1.0039351	-0.18405779	1.1684358	-0.25287944	0.42840734	-0.0605462	0.06097121	-0.06468948	0.12520881	-0.057014525	-0.008896439	-0.0069604577	0.045950666	-0.054678876	-0.033751216	0.049003955
-0.5383175	0.9767109	-0.35503536	0.8737892	-0.23584124	-0.0095525095	0.26443553	0.5086764	0.090442315	0.27085748	0.20795113	0.31307608	0.066669755	0.022783859	0.07012883	0.09704723
-0.046061512	-0.01567172	0.041842166	-0.09242813	0.04853787	0.020001886	0.014767915	-0.037841707	0.013347961	-0.060816243	-0.058768667	-0.005912454	0.015393729	-0.009656968	-0.02469135	-0.041835755
0.25953948	-0.581566	0.8811632	-0.12105276	0.10713203	-0.26422423	0.17569906	0.16341473	-0.0025914595	-0.14908987	-0.025356263	0.09165117	0.022348758	-0.022013148	-0.049781315	-0.035796277
0.058966093	0.050777055	0.09086289	-0.06075772	-0.053792465	0.07513075	0.019014033	0.057126578	0.0068988013	0.004119368	-0.087611854	0.015375922	0.027909542	-0.052490618	0.0067151817	-0.011540535
0.0132613275	0.15007067	-0.04515355	0.03550625	0.0054940297	0.078283235	0.07059406	0.089282125	0.0013552281	0.010435771	-0.050820086	0.04834491	-0.017846536	-0.02749846	0.037148386	-0.036987744
0.08050591	-0.061520822	0.15463774	-0.20645319	0.08587072	-0.16623048	0.05421461	-0.08722199	-0.0020418402	0.040197928	-0.020843836	-0.054647915	0.048662934	0.06539014	-0.0044727675	-0.07477799
-0.73625463	0.05543883	0.512436	0.3106047	-0.17952071	0.009449353	0.100710526	0.19481748	-0.10983911	-0.0030135547	0.059501607	0.121714115	-0.07734102	0.020283395	-0.07366661	0.020880012
-0.064903714	0.02404048	0.0861335	0.058220264	0.044082597	-0.009448987	0.026103789	0.018714854	-0.019682877	0.06632633	0.03719923	-0.04070375	0.028104706	-0.018467588	-0.014051747	0.02515174
0.0858039	0.046073392	-0.019124415	-0.1608179	0.08675996	-0.00105188	0.11129997	-0.076439515	0.018694047	0.062262084	-0.07431304	0.041277207	0.030948354	-0.02024792	-0.01017141	0.013028149
-0.73747164	-0.0261052	0.42664203	-0.9046962	-0.046198595	0.07301431	0.1474325	-0.43557233	-0.16499709	0.06662463	0.08211923	-0.26762497	-0.046144646	0.055535257	-0.016963381	-0.10054024
0.047266882	-0.08072106	0.07320852	-0.009188918	-0.06696411	-0.06588122	0.0936005	-0.092823535	0.041162115	-0.065873414	-0.017614825	-0.008898865	0.018390538	-0.03483355	0.01856429	0.0069779283
-0.11547089	-0.43308055	0.12729576	-0.2007336	0.014408962	-0.29283494	0.072691895	-0.14490522	-0.030966794	-0.17698246	0.046502177	-0.04597413	-0.043637954	-0.07356299	0.06803639	0.014547051
0.11512805	-0.6327615	-0.40631202	-0.88665503	-0.11992282	-0.39912757	-0.12755418	-0.10038686	-0.13065448	-0.19951868	-0.1162801	-0.12138929	-0.1503867	0.019887902	0.052621115	-0.079563476
-0.01609515	0.037288167	-0.08082858	0.19321272	0.048135735	0.12183934	-0.0029269902	0.03102377	-0.047344644	0.059052166	-0.009904434	0.024858873	0.03918135	0.007164705	0.02762784	-0.017833505
0.13299766	-0.028356299	-0.005542537	-0.05841136	-0.023489121	0.0070500746	-0.034464423	0.009264998	0.010881736	-0.01384559	0.043625504	0.043959334	0.013224828	0.011372617	0.035407644	-0.02513315
-0.0051445537	0.010339446	0.109235264	0.031962726	-0.010446555	0.08730651	-0.04086551	-0.013481346	0.05544129	0.0697665	0.05815241	-0.034617174	0.036007803	-0.04609845	-0.0012631457	0.057304833
-0.42626348	0.43906078	0.5682748	-0.2191746	-0.1035765	0.45498618	0.35987836	-0.3456257	-0.010875142	0.1403011	0.06800598	-0.032678377	0.023108726	0.019713914	0.028427327	-0.021858662
-0.981488	-1.0698513	-0.11832506	-0.7001225	0.043791644	-0.25370306	-0.088853285	0.057167657	0.19181985	-0.059230313	0.001247568	-0.045570947	0.15355006	0.0023074744	0.015227894	-0.016956689
-0.10525135	0.39005294	0.0011192672	0.22776423	0.14367464	0.1996319	-0.011743742	0.43878028	0.06297519	0.094058365	0.088781424	0.25682986	-0.0014339987	-0.045155335	-0.056500033	0.054774385
-0.24414676	0.0017948388	0.17542717	-0.10403976	-0.017490363	0.0057773883	0.021963058	0.0068141	-0.0784	0.0032139588	0.0081053395	-0.011259888	-0.0074032657	-0.021523	-0.053153962	0.015500066
0.1841033	0.10530184	-0.19283491	0.09568797	0.017680507	0.092876226	-0.065049395	0.004115353	0.026241023	0.059297804	-0.03302611	0.028253732	-0.02314256	-0.035824873	0.015147562	-0.027470019
0.10934979	-0.105257474	-0.08654023	0.053057063	-0.024155987	-0.015737241	2.7122052e-5	-0.06720825	-0.012217126	-0.005500399	0.048318565	0.004255254	-0.025384478	0.00903692	0.02546476	0.050770286
-0.4499673	-0.58921087	-0.0050733616	-0.13936082	-0.17811094	-0.22114453	-0.13675919	-0.05773548	-0.09510319	-0.1534517	-0.019097889	-0.11736451	-0.077419356	-0.11938791	0.017801244	-0.0047704014
0.51745653	1.737316	-0.03527139	1.4452281	0.22869305	0.25083062	-0.00768163	0.14148434	0.032615032	0.09370934	0.033713687	0.091139235	0.02976302	-0.10838635	0.002996295	0.04514528
0.4114388	-1.1752275	0.23030555	-0.7317076	0.1269267	0.06802076	0.13106225	-0.28493893	0.02022033	-0.2005607	0.03946866	-0.19704749	-0.010065164	0.010811497	-0.0094171595	-0.061096307
0.0954923	0.05290322	-0.13186418	0.1292679	0.019582605	-0.009610533	-0.044914585	-0.026663419	0.024170915	-0.02195232	-0.040240083	9.1673166e-5	0.027254142	0.031741094	0.008451608	-0.0146312835
-0.44744545	-0.44045636	-0.38203898	0.09359878	-0.07536692	-0.20047338	-0.10502476	-0.027061706	0.022458652	-0.24064901	-0.10227125	-0.083392814	-0.033333544	-0.06125443	-0.046800863	-0.012885482
0.4002153	-0.18651196	0.48794976	-0.40728635	0.09442175	-0.081275694	0.09462792	-0.04785855	0.05696874	-0.0042914134	0.0070170555	-0.053150874	0.11858218	-0.038252775	0.005364761	-0.016865628
0.08090506	-1.3097545	-0.5586949	-1.9838994	0.088948034	0.2296504	-0.13820812	-0.50210863	0.055113856	0.03987145	-0.013943697	-0.11468693	0.02462186	-0.0025071255	-0.029805744	0.115617715
-0.17765775	0.159009	0.039872445	0.014829178	-0.018941104	0.08382458	0.0066388873	0.040648665	0.037998416	0.009075867	0.000644522	0.0222578	-0.0022133458	-0.001367943	-0.056659814	0.011678824
-0.17660186	-0.031561363	-0.024420507	0.12792766	-0.06468525	-0.008439046	0.0018343481	-0.005727308	-0.007446357	-0.08527855	-0.009510986	0.007696349	-0.046416476	0.034451254	0.031423822	0.015838712
1.1254002	-0.04563468	-1.0660142	0.26759443	0.3894663	0.02712195	-0.19956534	0.1579265	0.15248825	-0.040437467	-0.037766054	0.13652459	0.034285437	-0.015648412	-0.074795045	-0.028138202
0.016513256	0.010336168	0.006174752	-0.019510968	0.14083174	0.021415733	-0.07220444	-0.02056589	-0.050050396	0.06809788	0.06812599	-0.0077943956	0.009177007	0.01466977	-0.055805963	0.003813952
0.04297881	-0.023006584	-0.102537684	0.19577101	-0.057305574	0.075374044	0.034896135	0.09915958	-0.03399466	0.013116507	-0.006414058	0.06820662	-0.011653079	0.068964675	0.06393713	-0.009380396
-0.44222477	0.25182208	0.17160757	-0.33494836	-0.08952743	0.11272066	0.11442671	-0.10924098	-0.11361971	0.08185773	-0.0056366655	-0.038501687	-0.06584759	0.062329993	0.03073127	0.0038789373
0.061693143	-0.057772808	0.0013468795	-0.007331132	-0.10216336	0.02161854	0.07087007	-0.08314983	0.001308692	0.008506373	-0.04339124	0.048295215	-0.0039011824	-0.021122752	0.0366485	-0.013255633
0.17746884	0.022171885	-0.09933904	0.13636933	-0.011658653	-0.031058224	0.0037726313	0.06370988	-0.0124038905	-0.016721237	-0.023556145	0.10020618	0.027794905	0.0062026656	0.00903353	0.015847316
0.16723484	0.11744011	-0.11025072	0.12707146	0.017385209	0.071820796	-0.036997747	-0.0022194094	0.016561033	0.0711715	-0.011482601	0.0040940857	0.021067552	0.01428647	-0.03645271	0.021396648
0.09609184	0.30782616	-0.11293094	-0.23345275	0.030266369	0.12864402	-0.010325016	-0.02555698	-0.030025464	0.06810571	0.005768317	0.02363839	-0.023258293	0.0302802	-0.010532425	-0.038297635
0.78506947	-0.48517567	-0.9026343	-0.46758735	0.14566267	-0.16855769	-0.22615878	-0.22458316	-0.013409582	-0.06305217	-0.052868728	-0.015610561	-0.024659721	0.0038603188	0.03867028	0.01095574
0.15928228	-0.045203034	0.08365835	-0.076487094	0.07279539	-0.07986562	0.085541904	-0.03807668	-0.06468433	0.025348874	-0.036255866	-0.047506455	0.04904556	-0.015637897	-0.059085377	-0.023902066
0.2922387	0.24989218	-0.39804897	-0.025569785	0.04440509	0.08223016	-0.10079632	-0.021589413	0.04210977	0.11989513	0.010324515	-0.022392053	0.035475552	0.03930245	-0.02289532	-0.008645637
-0.3245799	-0.5998738	-1.1752844	0.025932226	-0.17455284	-0.278277	-0.20365065	0.3397414	-0.17414466	-0.236302	0.13565679	0.1348781	-0.08846158	-0.05918791	0.09576927	0.0013492046
0.020974344	0.038839743	0.04556977	0.07166445	-0.0858285	-0.047912322	-0.0070267813	0.030081425	0.051800232	0.04965623	0.01058764	-0.018039372	-0.004402997	-0.0088907825	-0.053791072	-0.0018123271
-0.9494175	-0.39590234	0.8296396	0.44567004	-0.23052432	-0.25382066	0.15230301	0.18812624	-0.08512645	-0.10585772	0.057279903	0.17046341	-0.0199701	-0.08505185	0.009427841	0.03074483
0.33931842	-1.4445666	-0.8252555	-0.3096771	-0.09005092	-0.2416779	0.19570646	0.03790549	0.09769687	-0.1964208	0.0031954674	0.05541048	0.064804845	-0.033664893	-0.038194314	-0.015381097
0.045393907	-0.083157875	0.034464747	0.024563534	-0.10131052	-0.017714554	0.070104174	0.01105501	0.017390927	-0.01431143	-0.006465926	0.018104255	-0.019630792	-0.053445995	-0.04978118	0.046267886
0.051856406	-0.001993584	0.074244104	-0.09134037	0.07142916	0.03692052	0.0063988017	-0.061527744	0.09551127	-0.024404824	0.0028129378	-0.065995425	0.0073034256	0.040790327	0.0375773	0.027803058
0.0010693069	-0.09123552	-0.06047152	-0.0864226	-0.015077603	-0.015875576	0.04891721	0.022544038	-0.031419776	0.0036279743	0.019590981	-0.006920258	0.03334429	0.011468455	0.025941687	-0.0025530409
