-0.012587684554324479
0.027202811592073894
0.014963032581448387
0.03668857992690745
0.00795176597523998
0.022239383389681705
-0.04366815312100647
0.006082931849034635
-0.05141280023176801
0.020253542770679245
0.030499106844964888
-0.006299163962272156
0.01692682999336504
-0.008478335361169443
0.04817131540023099
-0.015551905452976782
0.014157043571874433
-0.01898216639127582
-0.056642805310350625
0.03190749436435678
0.020742659184596984
-0.020074868203505493
-0.025301389521594927
0.035291767770415594
-0.0030448729775603596
0.005970702071764662
0.014925311834049541
0.028301917686123935
0.013382707487840997
0.022449831332117573
