-0.009946725365669281
-0.003833392687925346
-0.0019246355174049124
0.0011537877217846285
0.007131137596904293
-0.018131735788981144
0.0036025538621654468
0.0185715416226461
0.03774856092258135
-0.0034350358306532262
0.03745653818579036
-0.017093671336900717
-0.01155974473650271
0.02003906936318969
-0.012992418551131372
-0.012277558486912782
0.006099225596342758
-0.03152414684128154
0.0026802818712162568
0.04423619278220383
0.013319951529898528
-0.010611557694384228
0.009495508491373575
-0.008019954260038181
-0.0061459217660576855
-0.0006988123657391467
-0.00767880349579413
-0.027886725448848872
-0.009851936723932211
0.007950292306466895
